0.000000000000000000e+00 0.000000000000000000e+00 0.000000000000000000e+00 0.000000000000000000e+00
1.419133930572160284e-04 -1.419133930570178634e-04 2.299795523178549839e-03 -2.299795523178477848e-03
1.418138157552660148e-03 -1.418138157553554182e-03 2.299161643142629344e-02 -2.299161643141352587e-02
1.408247606146005061e-02 -1.408247606145981816e-02 2.292853765834094726e-01 -2.292853765834105828e-01
6.828640551011425086e-02 -6.828640551011501414e-02 1.132742543851168460e+00 -1.132742543850993711e+00
1.315706183775268157e-01 -1.315706183775335048e-01 2.232741522221877162e+00 -2.232741522221248776e+00
2.450070260170569558e-01 -2.450070260170564840e-01 4.343516721695197980e+00 -4.343516721695199756e+00
4.298093259767403751e-01 -4.298093259767400420e-01 8.260902091341709053e+00 -8.260902091341707276e+00
5.731192044240742689e-01 -5.731192044240733807e-01 1.185100070013832507e+01 -1.185100070013832863e+01
6.868625132746828399e-01 -6.868625132746821738e-01 1.518247991157636179e+01 -1.518247991157636001e+01
7.789481124827665193e-01 -7.789481124827660752e-01 1.830431362229311887e+01 -1.830431362229312597e+01
8.548681197834602230e-01 -8.548681197834604450e-01 2.125273104762214871e+01 -2.125273104762215226e+01
9.185936549951239094e-01 -9.185936549951229102e-01 2.405557348572297016e+01 -2.405557348572297371e+01
