2.543448999633791008e+00
1.864972565917969893e+00
3.166512022338866750e+00
1.486201160156250811e+00
1.909044855834962195e+00
2.050144518432618135e+00
1.225198455688477406e+00
2.843152028808594523e+00
2.245741796630859266e+00
1.213783015869141613e+00
1.224109292114257119e+00
1.135022738647460727e+00
1.811426144775390323e+00
9.181355793457042225e-01
7.596508156738281947e-01
2.282396083618164262e+00
2.677048540771484575e+00
1.630163249877930154e+00
5.454816525024411611e+00
1.341175007446290701e+00
